B_Obs	Time	LAI	GAP[1]	GAP[2]	GAP[3]	GAP[4]	GAP[5]
19	10:17:28	1.52818	0.645218	0.63833	0.46043	0.0777531	0.376044
21	10:17:35	2.5827	0.202688	0.215691	0.201961	0.0314609	0.231696
25	10:18:19	0.350351	1	1	1	0.399806	0.888155
27	10:18:26	0.52003	0.979111	0.906275	1	0.378236	0.541852
31	10:19:20	0.596107	1	0.993337	0.661436	0.399702	0.566035
33	10:19:31	1.53098	0.567568	0.558449	0.338564	0.143204	0.277655
37	10:20:21	2.30717	0.430675	0.372802	0.169239	0.100269	0.0803983
39	10:20:27	1.43615	0.651378	0.550996	0.322396	0.233662	0.211441
43	10:21:11	0.702376	1	1	1	0.200682	0.571961
45	10:21:17	0.720181	1	0.88735	0.981877	0.210712	0.571495
49	10:22:07	0	1	1	1	1	1
51	10:22:14	0.17464	0.800479	0.782622	1	1	0.680192
55	10:23:01	0.191117	0.985178	0.975817	0.715376	0.928734	0.81204
57	10:23:09	0.353918	0.959577	0.897034	0.483685	1	0.685434
61	10:23:57	1.28232	0.605592	0.571874	0.234355	0.439817	0.238347
63	10:24:06	1.49468	0.70117	0.640335	0.22834	0.298334	0.155569
67	10:25:06	0.794919	0.823768	0.811077	0.390168	0.781624	0.254283
69	10:25:12	1.30317	0.252518	0.422104	0.425708	0.371811	0.232916
73	10:25:53	1.01771	0.68723	0.690559	0.246094	0.539745	0.38608
75	10:26:02	0.181757	0.979175	1	0.693638	1	0.773835
79	10:26:46	1.07053	0.763983	0.755802	0.338719	0.371587	0.312422
81	10:26:51	0.439962	0.916303	0.722079	1	0.612859	0.484395
85	10:28:21	0.128616	0.816663	0.930115	1	1	0.687445
87	10:28:28	0.141167	1	1	1	1	0.571808
91	10:29:15	0.0564112	1	1	1	1	0.799827
93	10:29:24	0	1	1	1	1	1
97	10:30:07	0.248639	0.926504	0.868124	1	0.807394	0.589444
99	10:30:13	0.315452	1	1	1	0.743438	0.432234
103	10:31:05	0.187751	1	1	1	0.95875	0.504036
105	10:31:21	0.0303708	0.978711	1	1	1	0.892857
109	10:32:02	1.09786	0.620261	0.579252	0.220346	0.527301	0.407485
111	10:32:08	0.0551755	0.970311	1	1	1	0.811583
115	10:33:01	0.0433925	1	1	1	1	0.842137
117	10:33:06	0.0645999	1	1	1	1	0.77431
121	10:33:59	0.992042	0.822099	0.819669	0.29972	0.494514	0.302207
123	10:34:04	1.29748	0.657047	0.566128	0.365702	0.324217	0.193209
127	10:34:54	0.237479	0.992527	0.881658	1	0.829344	0.572092
129	10:35:00	0.0608002	0.963742	1	1	1	0.795444
133	10:35:38	0.753076	0.637095	0.645053	1	0.450547	0.268738
135	10:35:43	1.4655	0.489326	0.42398	0.431061	0.253706	0.164697
139	10:36:26	0.46623	0.774389	0.998899	0.370605	1	0.592156
141	10:36:31	0.816747	0.776856	0.65837	0.549912	0.563697	0.297221
145	10:37:29	0.24057	0.861918	0.958016	1	0.798251	0.575867
147	10:37:34	0.219541	0.882665	1	1	0.781924	0.61342
151	10:38:24	0.199648	0.939038	0.970724	1	0.850202	0.59614
153	10:38:30	0.487181	0.848401	0.865507	0.687097	0.608251	0.558995
157	10:41:22	0.437783	0.978048	0.901951	1	0.67416	0.338941
159	10:41:29	0.109524	1	1	1	1	0.648133
163	10:42:28	2.78662	0.187076	0.145946	0.0403763	0.151335	0.130697
165	10:42:33	0.366685	0.697185	0.852947	0.913629	0.753432	0.507045
169	10:43:14	0.977871	0.888685	0.851419	0.206473	0.58486	0.379437
171	10:43:19	0.287391	1	1	1	0.75589	0.472052
175	10:44:12	0.51009	0.909427	0.970347	0.532033	0.769349	0.444856
177	10:44:17	1.34634	0.83083	0.715878	0.0799721	0.566858	0.362929
181	10:45:02	2.39193	0.660402	0.521279	0.0187274	0.202037	0.215018
183	10:45:08	0.860657	0.589112	0.620906	0.762689	0.416597	0.291763
187	10:45:55	0.083817	0.979208	0.988584	0.994083	0.94281	0.798331
189	10:46:01	0.593971	0.914642	0.842881	0.473989	0.675563	0.503994
193	10:46:38	0.340688	1	1	1	0.707662	0.418758
195	10:46:42	0.458507	1	0.96851	1	0.571429	0.364048
199	10:47:25	0.0850331	1	1	1	1	0.714131
201	10:47:30	0.093873	1	1	1	0.966165	0.723207
205	10:48:18	1.35844	0.554179	0.554977	0.374624	0.285826	0.188771
207	10:48:24	0.00880618	1	1	1	1	0.965733
211	10:49:25	0.372492	0.748432	0.857233	1	0.681712	0.494567
213	10:49:29	0.146453	0.973394	0.976241	1	0.891634	0.677407
217	10:50:07	0.681395	0.96251	0.898792	0.447125	0.60626	0.412048
219	10:50:16	1.61005	0.454221	0.361279	0.391334	0.240871	0.13447
223	10:50:58	0.36913	0.883802	0.925956	1	0.675877	0.446579
225	10:51:02	0.189115	1	1	1	0.887354	0.557983
229	10:51:48	0.403875	0.898521	0.83259	0.765851	0.718241	0.5496
231	10:51:53	0.18535	0.841662	0.999213	1	0.896041	0.591096
235	10:52:31	0.208323	1	0.963549	1	0.798489	0.620062
237	10:52:36	0.0209076	1	1	1	1	0.92055
241	10:53:13	0.31501	1	1	1	0.734284	0.440479
243	10:53:18	0.173594	1	1	1	0.907865	0.574881
247	10:53:54	1.59419	0.447571	0.415345	0.0943976	0.407513	0.358692
249	10:53:59	0.763109	0.692099	0.802701	0.459669	0.597317	0.364283
253	10:54:39	0.285364	0.846009	0.898865	0.710175	0.854334	0.719547
255	10:54:44	1.21446	0.34392	0.694207	0.155439	0.543528	0.386992
259	10:55:35	0.473061	0.481	0.671131	0.832513	0.721636	0.56222
261	10:55:40	0.147189	1	1	0.98512	0.896727	0.661496
265	10:56:22	0.178102	1	1	1	0.833636	0.63546
267	10:56:29	0.135978	1	1	1	1	0.583679
