B_Obs	Time	LAI	GAP[1]	GAP[2]	GAP[3]	GAP[4]	GAP[5]
8	10:00:32	0.0758614	0.965833	0.965251	0.973319	0.990026	0.812426
9	10:00:44	0.877039	0.691793	0.703346	0.629794	0.386036	0.325206
10	10:00:54	0.525987	0.920042	0.820463	0.757365	0.537808	0.516123
12	10:04:20	2.1859	0.643575	0.572331	0.405887	0.0188144	0.257624
13	10:04:33	0.711832	0.877728	0.787429	0.764515	0.263348	0.693171
14	10:04:46	0.0642787	0.907516	0.918509	0.959492	0.996788	0.91768
17	10:08:11	0.119713	0.902159	0.925337	0.901971	0.998391	0.790057
18	10:08:21	0.949305	0.694669	0.726744	0.668068	0.186025	0.603216
20	10:09:24	0.45357	0.87992	0.888322	0.778165	0.551506	0.603528
21	10:09:43	0.502529	0.934957	0.801261	0.686645	0.619172	0.535979
24	10:11:00	0.146218	0.984231	0.962811	0.942453	0.817004	0.831987
25	10:11:11	0.403951	0.844612	0.747584	0.679834	0.975843	0.471722
26	10:11:20	0.938782	0.873193	0.787994	0.690563	0.207018	0.447484
28	10:12:08	0.0365144	0.987952	0.985862	0.973503	0.983474	0.931942
38	10:14:51	0.0868964	0.979659	0.989911	0.937979	0.986029	0.795821
40	10:15:36	0.682712	0.960752	0.879673	0.807942	0.266658	0.62346
41	10:15:43	0.149671	0.862797	0.844042	0.904693	0.990889	0.782497
53	10:20:00	0.398735	0.859777	0.772791	0.705606	0.737962	0.651838
67	10:25:03	0.169434	0.884159	0.923422	0.930115	0.959223	0.665633
68	10:25:11	0.351544	0.841289	0.902561	0.804746	0.679356	0.64909
75	10:27:52	0.606058	0.71314	0.65187	0.41342	0.923451	0.512208
76	10:28:00	1.47085	0.630429	0.65586	0.450622	0.0752283	0.498101
84	10:30:31	0.802453	0.800051	0.758273	0.502486	0.411569	0.470714
88	10:31:52	0.307189	0.939927	0.932775	0.881104	0.799927	0.515337
89	10:32:04	0.256762	0.89144	0.897981	0.834395	0.83293	0.671779
90	10:32:14	1.81895	0.498605	0.371993	0.132413	0.210106	0.259202
92	10:33:16	0.0603875	0.986313	0.981156	0.964093	0.977138	0.870374
93	10:33:25	0.206807	0.967494	0.981791	0.775583	0.919674	0.699341
95	10:33:42	0.155599	0.951027	0.96697	0.733094	0.98826	0.848741
102	10:36:50	0.99465	0.675473	0.671769	0.292085	0.394945	0.543313
103	10:37:06	0.197805	0.847509	0.784226	0.959244	0.857412	0.792446
105	10:38:07	0.838962	0.721326	0.561767	0.449847	0.559925	0.42079
107	10:38:25	0.179668	0.996511	0.971197	0.73675	0.954754	0.789003
113	10:40:22	0.27289	0.992537	0.994591	0.7066	0.949972	0.566378
114	10:40:30	0.822481	0.619403	0.625054	0.283321	0.701093	0.555633
115	10:40:50	0.341829	0.955443	0.881869	0.678981	0.798346	0.654593
119	10:42:16	0.561733	0.814969	0.984858	0.538804	0.562176	0.562675
121	10:43:01	0.256055	0.999327	0.991807	0.692591	0.907191	0.661932
123	10:43:24	0.290056	0.951345	0.947741	0.588544	0.963973	0.691584
131	10:56:50	0.114487	0.909166	0.942341	0.989718	0.893091	0.821606
135	10:57:52	0.137763	0.889501	0.914936	0.977711	0.883046	0.800515
138	10:58:47	0.0703225	0.953619	0.905299	0.982159	0.955183	0.921213
139	10:58:59	0.0194362	0.992225	0.986997	0.992499	0.997487	0.952137
141	11:00:10	0.0678807	0.995966	0.988553	0.982181	0.917909	0.890928
142	11:00:17	0.166286	0.956697	0.960789	0.933253	0.822381	0.779509
143	11:00:25	0.0311445	0.981442	0.98417	0.98661	0.971657	0.955603
145	11:01:51	0.110204	0.993258	0.969395	0.992447	0.883977	0.799055
147	11:02:10	0.15016	0.992449	0.951907	0.967674	0.850334	0.756076
150	11:03:29	0.0565407	0.993907	0.995669	0.993117	0.947204	0.874522
151	11:03:37	0.26254	0.90755	0.91795	0.771878	0.828881	0.70923
154	11:04:24	0.233304	0.974754	0.903823	0.999014	0.753565	0.65309
155	11:04:33	1.7471	0.476747	0.52176	0.025355	0.498112	0.602538
161	11:07:29	0.075066	0.949175	0.887234	0.98	0.935657	0.952437
164	11:08:17	0.0607037	0.995546	0.985816	0.997059	0.993449	0.808575
166	11:08:33	0.263117	0.987322	0.886134	0.83389	0.673059	0.862865
167	11:08:41	1.76171	0.418912	0.387578	0.0244401	0.541193	0.73538
172	11:10:06	0.157046	0.996322	0.969675	0.99709	0.842005	0.704988
174	11:10:46	0.0536854	0.99251	0.983431	0.996132	0.953277	0.884164
175	11:10:54	0.213371	0.963843	0.940023	0.997099	0.790275	0.64115
176	11:11:08	0.158458	0.742252	0.881447	0.994197	0.865539	0.815715
178	11:12:09	0.164581	0.945188	0.968648	0.740172	0.960726	0.841866
179	11:12:16	0.322212	0.767885	0.833953	0.558397	0.89147	0.877248
180	11:12:25	0.171685	0.985332	0.974686	0.98855	0.812711	0.705278
182	11:13:02	0.0580311	0.960646	0.929899	0.945585	0.97937	0.952511
