B_Obs	Time	LAI	GAP[1]	GAP[2]	GAP[3]	GAP[4]	GAP[5]
5	08:36:55	0.19405	0.969538	0.940196	0.988069	0.85245	0.629075
6	08:37:07	0.409697	0.933824	0.851346	0.834079	0.86661	0.359992
7	08:37:18	0.427194	0.965861	0.986331	0.998509	0.737751	0.288115
19	08:44:46	0.401394	0.948887	0.988581	0.98917	0.808123	0.285629
21	08:45:03	0.376641	0.969636	0.978385	0.989531	0.840336	0.299202
33	08:48:23	0.114164	0.95584	0.935154	0.950575	0.969385	0.765616
34	08:48:30	0.253136	0.950617	0.936291	0.93128	0.855324	0.539064
35	08:48:40	0.0348005	0.980532	0.974213	0.975626	0.98239	0.950191
40	08:50:04	0.78849	0.543562	0.518797	0.387438	0.579734	0.697447
47	08:52:38	0.306596	0.953177	0.948148	0.762535	0.686027	0.749898
48	08:52:47	0.0527989	0.985189	0.978558	0.979805	0.961096	0.901993
49	08:52:57	0.0693057	0.974677	0.953996	0.93663	0.938904	0.949166
55	08:54:51	0.0473483	0.991194	0.988404	0.993767	0.988767	0.860677
56	08:54:59	0.231328	0.83317	0.851566	0.911357	0.899452	0.64338
63	08:56:56	0.100087	0.931184	0.9777	0.960112	0.948375	0.796419
68	08:58:18	0.179514	0.966603	0.922511	0.984337	0.838576	0.698109
70	08:58:39	0.100779	0.994275	1	0.9189	0.879139	0.8928
75	09:00:03	0.359678	0.578505	0.923827	0.934885	0.844111	0.425839
76	09:00:11	0.286753	0.949065	0.984615	0.84143	0.68527	0.693989
82	09:01:33	0.104063	0.950917	0.972345	0.937707	0.971202	0.780116
90	09:03:40	0.642493	0.37124	0.802343	0.463172	0.640566	0.64559
91	09:03:49	0.485782	0.954566	0.544218	0.694758	0.695215	0.691502
97	09:05:32	0.172164	0.969021	0.97432	0.98909	0.994897	0.534781
111	09:09:11	0.356533	0.78394	0.909953	0.955556	0.781813	0.429234
112	09:09:19	0.329924	0.98181	0.995261	0.98408	0.794274	0.383991
117	09:10:35	0.845163	0.907537	0.579463	0.511921	0.332055	0.649189
124	09:12:12	0.554236	0.898377	0.618626	0.738695	0.537022	0.629847
125	09:12:46	0.693979	0.625107	0.561261	0.526163	0.613702	0.567176
126	09:12:54	0.805976	0.523484	0.74398	0.613695	0.384453	0.463964
131	09:14:34	0.425716	0.957665	0.961567	0.57921	0.621448	0.744934
132	09:14:43	1.11797	0.970588	0.877013	0.546994	0.316354	0.142845
139	09:16:44	0.393957	0.722345	0.826834	0.653808	0.811064	0.635578
140	09:16:51	0.571806	0.739533	0.513417	0.656424	0.707376	0.591674
145	09:17:59	0.0875209	0.950564	0.907681	0.950645	0.964935	0.882497
152	09:23:10	0.444805	0.72418	0.740373	0.669477	0.788385	0.582742
153	09:23:17	0.193262	0.930336	0.888199	0.870714	0.894898	0.739243
154	09:23:24	0.529305	0.3774	0.800621	0.776841	0.606395	0.569976
160	09:24:55	0.253574	0.810865	0.7053	0.91691	0.8489	0.765206
162	09:26:28	0.157911	0.956137	0.933589	0.74371	0.912714	0.952021
168	09:27:57	0.124375	0.957944	0.903742	0.90044	0.877987	0.931581
169	09:28:04	0.193426	0.941589	0.888956	0.877338	0.878217	0.747601
174	09:29:38	0.394889	0.740666	0.563353	0.760071	0.763603	0.816785
175	09:29:44	1.1554	0.904857	0.105208	0.475448	0.444004	0.713948
181	09:31:12	0.171139	0.941781	0.902824	0.878302	0.873642	0.809241
182	09:31:18	0.481345	0.951674	0.940783	0.746487	0.537081	0.545245
183	09:31:25	1.04848	0.723364	0.568479	0.621979	0.326405	0.255368
188	09:32:49	0.551267	0.324315	0.59303	0.80951	0.685546	0.586043
189	09:32:57	2.2266	0.436125	0.393333	0.585455	0.0588484	0.0464925
190	09:33:13	0.188892	0.928599	0.873333	0.86993	0.904348	0.754658
195	09:34:33	0.113544	0.915834	0.900907	0.912219	0.969594	0.848684
196	09:34:41	0.0890745	0.955803	0.921225	0.911928	0.959621	0.916165
202	09:36:03	0.0691469	0.937191	0.919013	0.93383	0.984297	0.937275
204	09:36:18	0.293121	0.966882	0.952547	0.94456	0.751994	0.52852
209	09:37:30	0.104801	0.940687	0.894752	0.886777	0.922266	0.973399
210	09:37:36	0.105469	0.958409	0.90424	0.889256	0.915945	0.961108
212	09:37:51	0.0821586	0.953345	0.915505	0.910193	0.939124	0.979086
217	09:39:02	0.121187	0.951557	0.926346	0.92918	0.900414	0.857407
218	09:39:19	0.241057	0.955017	0.930123	0.906259	0.713903	0.754895
219	09:39:26	0.0805745	0.96732	0.943343	0.937702	0.96859	0.879756
224	09:40:29	0.104401	0.959131	0.937197	0.915264	0.873524	0.960512
225	09:40:36	0.580622	0.990059	0.74909	0.686733	0.647555	0.387104
226	09:40:44	0.635329	0.698085	0.982706	0.850214	0.485425	0.307078
231	09:43:15	0.459998	0.375164	0.733333	0.57503	0.720681	0.93672
238	09:44:37	0.175493	0.781342	0.87129	0.903621	0.854779	0.869316
245	09:45:54	0.344126	0.919972	0.798943	0.709819	0.711823	0.800213
246	09:46:03	0.410473	0.580555	0.71079	0.694057	0.861657	0.630083
247	09:46:11	0.22691	0.444717	0.597052	0.950646	0.965083	0.968567
253	09:48:08	0.341577	0.888073	0.813804	0.766516	0.76398	0.66179
254	09:48:13	0.33934	0.910459	0.867844	0.817792	0.78822	0.550187
255	09:48:20	0.607819	0.863853	0.844837	0.797997	0.585158	0.308778
260	09:49:42	0.475439	0.945745	0.930881	0.614209	0.567378	0.667955
261	09:49:47	0.436821	0.953177	0.984147	0.932254	0.470674	0.566354
267	09:51:13	0.842699	0.793981	0.729472	0.453322	0.513484	0.349583
268	09:51:18	0.67931	0.887993	0.850896	0.83032	0.467638	0.297235
269	09:51:27	1.28627	0.822215	0.729007	0.273339	0.242359	0.317356
275	09:52:49	0.34818	0.917866	0.892806	0.887251	0.786085	0.467565
281	09:54:09	1.61123	0.361284	0.406566	0.229294	0.211387	0.300401
282	09:54:20	0.221476	0.906142	0.832772	0.851423	0.869802	0.758511
283	09:54:28	0.126188	0.953416	0.916386	0.896207	0.893098	0.898031
289	09:56:32	0.148657	0.924646	0.853996	0.883093	0.918505	0.869689
290	09:56:44	0.100042	0.961977	0.931093	0.922686	0.930662	0.890933
299	09:59:22	0.62556	0.930049	0.889612	0.839134	0.523456	0.293148
